V100 only:
a1: 6.69632 seconds (1 V100)
a2: 4.16105 seconds (1 V100 + 1 V100)

P100 only:
a3: 15.38 seconds (1 P100 + 1 P100)
c1: 8.08526 seconds (2 P100 + 2 P100)
c2: 4.45421 seconds (4 P100 + 4 P100)

Heterogeneous:
d1a: 8.37579 seconds (1 V100 + 1 V100 + 1 P100 + 1 P100)
d1b: 4.69368 seconds
d1c: 4.69368 seconds
d2a: 3.73684 seconds (1 V100 + 1 V100 + 2 P100 + 2 P100)
d2b: 3.98842 seconds
d2c: 3.77789 seconds
d2d: 3.76842 seconds
d3: 2.92316 seconds (1 V100 + 1 V100 + 4 P100 + 4 P100)

